-80
93
-18
-62
27
-53
-47
-77
-31
-7
81
-58
42
-42
45
-84
91
-32
17
13
50
-75
-59
73
-70
-65
88
35
98
-53
70
87
-92
-26
90
-10
72
-62
64
-4
93
-79
-74
-80
12
89
53
74
41
-11
10
73
60
-67
19
-55
96
-39
-80
-50
84
-65
-54
-28
67
95
11
-10
70
13
88
-66
16
-21
55
-38
57
10
67
72
37
27
8
40
-26
48
-24
53
71
70
52
-78
-44
-63
60
81
-39
11
-77
98
74
87
88
-20
-87
45
92
-82
-36
-13
-92
-82
54
-19
-14
-38
-45
52
86
86
-89
-85
-27
47
-62
58
97
100
1
-24
57
32
-38
4
-43
-48
98
-16
41
-29
-8
19
37
-5
-45
-54
-50
9
-30
21
91
-65
24
68
81
-24
-61
-57
50
-49
-90
-25
93
66
-81
46
86
73
0
1
46
87
-75
77
-48
6
75
22
44
-85
-15
-38
13
39
-59
60
-5
86
16
87
-74
-51
-44
38
2
77
64
0
-51
-21
72
1
80
-96
44
11
-99
-82
79
-29
73
-9
-38
59
70
22
-67
-40
81
-2
-85
-3
11
18
83
-42
33
83
-59
-34
-26
13
8
-34
1
5
-15
-23
83
-10
-16
59
-58
-1
50
-62
62
-16
55
35
-46
-59
-25
-58
-65
64
-70
-63
71
-1
-75
37
-38
-45
39
14
-99
97
-99
-2
-49
-55
-83
89
8
-69
-68
-34
28
-55
97
86
-76
-27
-6
30
10
49
-9
-98
97
18
82
-52
-76
-34
29
-40
33
54
98
-6
-68
-40
90
35
39
-39
13
90
-16
85
98
3
62
44
62
-10
-62
60
26
44
7
63
-15
92
49
70
26
-94
77
-13
6
-53
-18
-84
-44
91
-92
25
92
40
-7
49
41
38
99
-44
45
44
57
71
60
-96
-73
23
-88
-34
44
34
-31
-58
68
19
-63
-93
35
-12
7
-80
-80
87
-17
36
-5
-41
93
96
94
75
85
22
-97
91
10
51
-51
19
93
34
72
-69
82
99
36
-95
-1
-81
75
-83
46
-93
-10
-86
-29
-5
-12
-26
64
10
86
25
-46
-66
78
-100
56
50
-91
33
88
-87
16
-79
79
53
-3
90
24
64
-73
36
5
6
76
80
78
-99
-90
53
-49
84
-18
51
-28
29
-14
85
-72
81
96
-61
-51
-89
66
-93
-65
-30
-34
77
-59
60
9
13
58
9
58
-94
14
-62
4
-7
72
-47
47
94
81
39
-26
84
-3
-21
43
45
63
87
94
70
77
-60
-34
-67
-83
77
16
-10
-93
62
93
-69
-62
-24
-45
62
-61
81
-59
47
-66
-85
-36
74
-95
47
46
-62
-40
69
9
88
22
91
96
12
14
60
4
39
94
-22
-10
34
21
-84
-13
-76
6
73
-16
29
86
-53
-69
-20
-65
55
-99
-14
-17
92
-29
-93
79
-2
-98
24
-7
-90
-10
-82
96
41
15
-64
35
32
-68
-63
-16
41
-47
47
-47
-7
55
-75
-61
-55
77
27
-17
24
-92
-12
56
-83
-10
-97
58
93
-9
24
70
8
80
82
61
-78
98
69
-19
-74
0
83
38
23
-65
-80
-84
-84
79
64
-54
52
75
56
-52
-3
43
-91
-58
-87
-41
38
89
-24
-28
-11
98
-98
-13
-98
-97
-7
15
98
-77
-51
47
2
0
16
32
71
-53
-5
81
-16
-18
68
17
-35
7
69
4
-52
95
-64
70
-67
54
-10
50
61
61
28
87
-65
16
-67
39
13
-15
46
-49
73
3
47
56
-58
-87
-98
34
4
-89
47
-4
-86
-28
10
38
48
37
55
57
-19
-43
-14
1
45
-96
9
84
-97
-57
-6
-72
-37
-84
-85
-71
-49
-45
87
56
-93
-68
48
67
-60
-79
17
44
83
64
1
2
-91
-50
67
-46
-95
-66
-30
-42
20
-29
66
85
-5
26
35
9
45
48
67
53
10
50
-20
80
-80
-35
26
5
-55
-98
-70
-36
9
35
76
65
61
-17
-25
62
-59
50
0
-21
82
-27
50
52
37
-76
95
7
-9
47
-56
76
-90
-30
22
-77
36
2
-57
37
-80
-60
-38
33
10
94
-96
83
22
-89
-38
54
91
-7
-89
-41
-43
-71
-6
28
-54
-96
2
15
91
-19
-56
2
-53
82
-11
-62
-43
47
-62
-88
-50
-30
81
91
-97
-81
-18
-47
-25
20
23
65
80
-94
1
29
-24
92
16
85
10
3
86
-94
46
2
2
-85
64
16
10
-70
0
-5
28
68
-13
-1
8
27
24
-59
-17
-61
83
-4
85
78
-75
34
-51
-79
-23
18
-14
0
99
-82
59
-40
64
-98
52
-57
-18
96
-30
-18
-39
84
-39
-22
-84
-80
-93
-46
99
80
40
-96
-94
78
-53
36
-75
44
-26
64
65
-20
21
-14
-6
-11
56
35
48
69
-72
-37
-81
-90
-89
-47
-9
-15
-67
-18
-27
-72
-82
-14
-49
-39
46
-92
8
19
-95
41
-60
-45
-60
-67
78
-32
17
-41
94
-14
-35
72
-90
18
31
-34
49
66
29
3
98
-78
-83
47
43
84
13
68
56
-75
-2
-26
-53
-59
-34
-65
98
21
91
-41
95
-39
-67
95
93
-53
1
13
73
-6
27
20
-18
35
-15
-82
-61
-129
-67
-69
-20
-82
-41
-196
-66
70
-51
48
22
-94
-4
53
1
-171
63
86
0
-17
75
226
-197
94
37
29
-80
13
-68
57
8
-133
27
9
-62
-102
46
-72
10
16
50
-35
-11
6
-13
83
70
-15
14
26
-44
-58
84
-20
-25
0
-69
-35
-80
-59
55
130
-143
99
60
20
-89
91
-47
0
45
165
-86
48
112
-38
-76
10
53
-45
0
59
-27
95
-36
2
44
-51
82
-37
-24
15
14
56
10
0
-64
-565
528
30
-15
-61
-38
-61
-96
64
-137
481
-646
156
64
69
85
-21
-283
-75
-68
40
11
36
-95
79
-69
63
24
-100
22
-79
-12
-94
41
53
-75
-21
53
284
22
